# x,y1,y2
0.010000 4.950000 1.040000
0.020000 4.894560 1.081080
0.030000 4.833709 1.123183
0.040000 4.767509 1.166243
0.050000 4.696057 1.210181
0.060000 4.619486 1.254910
0.070000 4.537964 1.300331
0.080000 4.451698 1.346337
0.090000 4.360927 1.392808
0.100000 4.265928 1.439619
0.110000 4.167007 1.486636
0.120000 4.064502 1.533718
0.130000 3.958778 1.580719
0.140000 3.850222 1.627489
0.150000 3.739241 1.673876
0.160000 3.626255 1.719728
0.170000 3.511695 1.764892
0.180000 3.395996 1.809221
0.190000 3.279593 1.852570
0.200000 3.162914 1.894801
0.210000 3.046380 1.935784
0.220000 2.930393 1.975397
0.230000 2.815341 2.013530
0.240000 2.701584 2.050082
0.250000 2.589462 2.084966
0.260000 2.479283 2.118106
0.270000 2.371327 2.149439
0.280000 2.265843 2.178915
0.290000 2.163047 2.206496
0.300000 2.063126 2.232159
0.310000 1.966231 2.255890
0.320000 1.872488 2.277687
0.330000 1.781990 2.297559
0.340000 1.694803 2.315526
0.350000 1.610968 2.331614
0.360000 1.530502 2.345860
0.370000 1.453402 2.358304
0.380000 1.379643 2.368997
0.390000 1.309185 2.377991
0.400000 1.241972 2.385343
0.410000 1.177935 2.391115
0.420000 1.116997 2.395370
0.430000 1.059068 2.398172
0.440000 1.004055 2.399589
0.450000 0.951856 2.399686
0.460000 0.902369 2.398531
0.470000 0.855485 2.396189
0.480000 0.811098 2.392726
0.490000 0.769098 2.388206
0.500000 0.729377 2.382692
