# x,y1,y2
0.010000 4.950000 1.020000
0.020000 4.899213 1.039890
0.030000 4.847680 1.059640
0.040000 4.795445 1.079218
0.050000 4.742552 1.098595
0.060000 4.689048 1.117739
0.070000 4.634980 1.136618
0.080000 4.580399 1.155201
0.090000 4.525353 1.173458
0.100000 4.469895 1.191358
0.110000 4.414077 1.208869
0.120000 4.357950 1.225964
0.130000 4.301569 1.242612
0.140000 4.244987 1.258785
0.150000 4.188256 1.274457
0.160000 4.131430 1.289601
0.170000 4.074561 1.304192
0.180000 4.017703 1.318206
0.190000 3.960906 1.331621
0.200000 3.904221 1.344417
0.210000 3.847698 1.356573
0.220000 3.791385 1.368073
0.230000 3.735330 1.378900
0.240000 3.679577 1.389039
0.250000 3.624172 1.398479
0.260000 3.569156 1.407208
0.270000 3.514571 1.415217
0.280000 3.460454 1.422499
0.290000 3.406843 1.429049
0.300000 3.353772 1.434863
0.310000 3.301275 1.439939
0.320000 3.249382 1.444278
0.330000 3.198121 1.447879
0.340000 3.147519 1.450748
0.350000 3.097600 1.452888
0.360000 3.048387 1.454306
0.370000 2.999899 1.455010
0.380000 2.952155 1.455008
0.390000 2.905171 1.454312
0.400000 2.858962 1.452933
0.410000 2.813538 1.450884
0.420000 2.768911 1.448178
0.430000 2.725089 1.444832
0.440000 2.682080 1.440860
0.450000 2.639888 1.436279
0.460000 2.598516 1.431107
0.470000 2.557968 1.425361
0.480000 2.518244 1.419061
0.490000 2.479342 1.412224
0.500000 2.441262 1.404871
